{
 "cells": [
  {
   "cell_type": "code",
   "execution_count": 1,
   "metadata": {},
   "outputs": [],
   "source": [
    "import numpy as np"
   ]
  },
  {
   "cell_type": "code",
   "execution_count": 30,
   "metadata": {},
   "outputs": [],
   "source": [
    "def SVD(m=4,n=4):\n",
    "    random_matrix = np.random.randint(1,10,(m,n))\n",
    "    #random_matrix = np.identity(n)\n",
    "    U,diag,V_T = np.linalg.svd(random_matrix)\n",
    "    print(\"U svd:\",U)\n",
    "    print(\"Diag svd:\",diag)\n",
    "    print(\"V.T svd:\",V_T)\n",
    "    print(\"********************\")\n",
    "    print(\"Random Matrix :\",random_matrix)\n",
    "\n",
    "    temp1 = np.matmul(random_matrix,random_matrix.T)\n",
    "    \n",
    "    lambda_,U = np.linalg.eig(temp1)\n",
    "    #U=U.T\n",
    "    print(\"lambda: \",lambda_) \n",
    "    sorted_lambda = np.sort(lambda_)[::-1]\n",
    "    print(\"Lambda sorted :   \",sorted_lambda)\n",
    "    \n",
    "    idx = np.argsort(lambda_)[::-1]\n",
    "    print(\"idx\",idx)\n",
    "    \n",
    "    U_sort = np.zeros_like(U)\n",
    "\n",
    "    print(\"U: \",U)\n",
    "    _,c = U_sort.shape\n",
    "    for i in range(c):\n",
    "        U_sort[:,i] = U[:,idx[i]]/np.sqrt(np.sum(np.square(U[:,idx[i]])))\n",
    "\n",
    "    print(\"U sorted: \",U_sort)\n",
    "    \n",
    "    #idx = np.argsort(lambda_)\n",
    "    #U_sort = np.take_along_axis(U,idx,axis=0)\n",
    "    \n",
    "    temp2 = np.matmul(random_matrix.T,random_matrix)\n",
    "    \n",
    "    lambda_,V = np.linalg.eig(temp2)\n",
    "    #V=V.T\n",
    "    print(\"lambda: \",lambda_) \n",
    "    sorted_lambda = np.sort(lambda_)[::-1]\n",
    "    idx_ = np.argsort(lambda_)[::-1]\n",
    "    print(\"idx\",idx_)\n",
    "    V_sort = np.zeros_like(V)\n",
    "    \n",
    "    print(\"V: \",V)\n",
    "    _,c = V_sort.shape\n",
    "    for i in range(c):\n",
    "        V_sort[:,i] = V[:,idx_[i]]/np.sqrt(np.sum(np.square(V[:,idx[i]])))\n",
    "\n",
    "    print(\"Lambda sorted :\",sorted_lambda)\n",
    "    print(\"V_sort_T: \",V_sort.T)\n",
    "    \n",
    "    print(\"*****************************************\")\n",
    "    print(\"calculated matrix: \\n\",np.matmul(np.matmul(U_sort,np.diag(np.sqrt(sorted_lambda))),V_sort.T))\n",
    "    \n",
    "\n",
    "\n",
    "#if __name__==\"__main__\":\n",
    "#    SVD()"
   ]
  },
  {
   "cell_type": "code",
   "execution_count": 31,
   "metadata": {},
   "outputs": [
    {
     "name": "stdout",
     "output_type": "stream",
     "text": [
      "U svd: [[-0.59722665 -0.15396315  0.44423125 -0.64982634]\n",
      " [-0.57068697 -0.56383559 -0.10226393  0.58817336]\n",
      " [-0.49050836  0.46864373 -0.71886956 -0.15166132]\n",
      " [-0.27755765  0.66238798  0.52481162  0.45692087]]\n",
      "Diag svd: [21.13763436  7.98656671  3.78962245  1.74754897]\n",
      "V.T svd: [[-0.41757577 -0.45870581 -0.54418206 -0.56487639]\n",
      " [ 0.90228727 -0.10942326 -0.27207532 -0.31603678]\n",
      " [-0.1062412   0.83320769 -0.06109676 -0.5392077 ]\n",
      " [-0.01486453  0.28875678 -0.79126992  0.53878612]]\n",
      "********************\n",
      "Random Matrix : [[4 7 8 6]\n",
      " [1 6 7 9]\n",
      " [8 2 5 6]\n",
      " [7 4 1 1]]\n",
      "lambda:  [  3.05392741  14.36123828  63.78524778 446.79958654]\n",
      "Lambda sorted :    [446.79958654  63.78524778  14.36123828   3.05392741]\n",
      "idx [3 2 1 0]\n",
      "U:  [[-0.64982634 -0.44423125  0.15396315 -0.59722665]\n",
      " [ 0.58817336  0.10226393  0.56383559 -0.57068697]\n",
      " [-0.15166132  0.71886956 -0.46864373 -0.49050836]\n",
      " [ 0.45692087 -0.52481162 -0.66238798 -0.27755765]]\n",
      "U sorted:  [[-0.59722665  0.15396315 -0.44423125 -0.64982634]\n",
      " [-0.57068697  0.56383559  0.10226393  0.58817336]\n",
      " [-0.49050836 -0.46864373  0.71886956 -0.15166132]\n",
      " [-0.27755765 -0.66238798 -0.52481162  0.45692087]]\n",
      "lambda:  [446.79958654  63.78524778  14.36123828   3.05392741]\n",
      "idx [0 1 2 3]\n",
      "V:  [[-0.41757577 -0.90228727 -0.1062412  -0.01486453]\n",
      " [-0.45870581  0.10942326  0.83320769  0.28875678]\n",
      " [-0.54418206  0.27207532 -0.06109676 -0.79126992]\n",
      " [-0.56487639  0.31603678 -0.5392077   0.53878612]]\n",
      "Lambda sorted : [446.79958654  63.78524778  14.36123828   3.05392741]\n",
      "V_sort_T:  [[-0.41757577 -0.45870581 -0.54418206 -0.56487639]\n",
      " [-0.90228727  0.10942326  0.27207532  0.31603678]\n",
      " [-0.1062412   0.83320769 -0.06109676 -0.5392077 ]\n",
      " [-0.01486453  0.28875678 -0.79126992  0.53878612]]\n",
      "*****************************************\n",
      "calculated matrix: \n",
      " [[4.35770747 4.19464182 8.20570898 7.8154786 ]\n",
      " [0.91765421 6.64580544 6.95264491 8.58206907]\n",
      " [7.42114606 6.53972245 4.66711499 3.0621331 ]\n",
      " [7.42259304 0.68576994 1.24302312 3.14479341]]\n"
     ]
    }
   ],
   "source": [
    "SVD()"
   ]
  },
  {
   "cell_type": "code",
   "execution_count": 28,
   "metadata": {},
   "outputs": [
    {
     "name": "stdout",
     "output_type": "stream",
     "text": [
      "[[ 0.57035095 -0.81203493 -0.39437106 -0.32835625]\n",
      " [-1.62884067 -0.65584528  0.55322133  1.0375935 ]\n",
      " [ 0.53815094  0.16845383 -0.25418855  0.85647695]\n",
      " [-0.58525425 -0.36832146  0.68413383  0.13594493]]\n",
      "Left Singular Vectors!\n",
      "[[-0.00835334 -0.87723028  0.41896402 -0.23423578]\n",
      " [-0.33696172 -0.27785349 -0.08795684  0.89527528]\n",
      " [ 0.31828073 -0.3906008  -0.85950802 -0.08587412]\n",
      " [ 0.88604988  0.026372    0.2792467   0.36910893]]\n",
      "Singular Values!\n",
      "[[0.39994522 0.         0.         0.        ]\n",
      " [0.         0.97525917 0.         0.        ]\n",
      " [0.         0.         1.11271255 0.        ]\n",
      " [0.         0.         0.         2.33357914]]\n",
      "Right Singular Vectors!\n",
      "[[ 0.49209547 -0.28032197 -0.21906032 -0.79452767]\n",
      " [-0.11240945  0.83983723 -0.47646385 -0.23456286]\n",
      " [ 0.85550039  0.31742125  0.1758157   0.36939365]\n",
      " [ 0.11543501 -0.33961268 -0.83311681  0.42101588]]\n",
      "Approximated matrix!\n",
      "[[ 0.57035095 -0.81203493 -0.39437106 -0.32835625]\n",
      " [-1.62884067 -0.65584528  0.55322133  1.0375935 ]\n",
      " [ 0.53815094  0.16845383 -0.25418855  0.85647695]\n",
      " [-0.58525425 -0.36832146  0.68413383  0.13594493]]\n"
     ]
    }
   ],
   "source": [
    "import numpy as np\n",
    "\n",
    "#A = np.array([[0, 1, 1], [2**0.5, 2, 0], [0, 1, 1]]) #np.array([[1, 1, 0, 1], [0, 0, 0, 1], [1, 1, 0,0]])#np.array([[1, 2], [2, 1]])#np.array([[1, 1, 1, 0], [0, 1, 0, 1]])\n",
    "A = np.random.randn(4,4)\n",
    "print(A)\n",
    "\n",
    "eigvals_p, eigvecs_p = np.linalg.eigh(np.dot(A, A.T)) #P\n",
    "#unit normalize eigvecs1\n",
    "temp_eigvecs_p = []\n",
    "for ele in eigvecs_p.T: #take each column and unit normalize\n",
    "\ttemp_eigvecs_p.append(ele/float(sum(ele**2)**0.5))\n",
    "\t\n",
    "eigvecs_p = np.column_stack((temp_eigvecs_p))\n",
    "\n",
    "#computing eigen vectors of Q matrix\n",
    "eigvecs_q = []\n",
    "#print(\"Eig val of P \",eigvals_p)\n",
    "for index, ele in enumerate(eigvals_p):\n",
    "\t#print(ele)\n",
    "\tif ele != 0:\n",
    "\t\teigvecs_q.append(np.dot(A.T, eigvecs_p.T[index])/(float(abs(ele)**0.5)))\n",
    "\t\t\n",
    "\t\t\n",
    "P = eigvecs_p\n",
    "S = np.diag(abs(eigvals_p)**0.5)\n",
    "Q = np.column_stack((eigvecs_q))\t\n",
    "print(\"Left Singular Vectors!\")\n",
    "print(P)\n",
    "print(\"Singular Values!\")\n",
    "print(S)\n",
    "print(\"Right Singular Vectors!\")\n",
    "print(Q)\n",
    "\n",
    "M = np.dot(np.dot(P,S), Q.T)\n",
    "print(\"Approximated matrix!\")\n",
    "print(M)\n",
    "\n",
    "\n"
   ]
  }
 ],
 "metadata": {
  "kernelspec": {
   "display_name": "Python 3",
   "language": "python",
   "name": "python3"
  },
  "language_info": {
   "codemirror_mode": {
    "name": "ipython",
    "version": 3
   },
   "file_extension": ".py",
   "mimetype": "text/x-python",
   "name": "python",
   "nbconvert_exporter": "python",
   "pygments_lexer": "ipython3",
   "version": "3.8.5"
  }
 },
 "nbformat": 4,
 "nbformat_minor": 4
}
